   8  19  15  21  28  35  43  52  56  57  60  54  58  68  59  64
  29  37  24  20  29  52  62  71  75  79  92  96  95  89  96  63
  33  46  12   9  17  54  68  91  95  90  95  94 109 116 108  75
  36  40  23  24  38  54  79  92  96 108 109 113 105 109 111  77
  34  34  31  45  48  58  81  96 100 110 112 118 103 111 112  82
  39  37  27  29  31  58  71  92  96 107 111 110 111 113 103  75
  35  48  17  12  18  56  83  94 100 102 102 109 113 122 115  78
  35  48  26  13  28  62  82  95  98 103  97 112 112 112 108  71
  38  48  31  27  31  62  79  96 103 103 106 103 112 112 107  80
  34  35  34  36  45  69  94  96 100 102 108 112 112 113 110  86
  38  34  34  44  52  73  88  96  96 104 112 112 114 124 112  91
  35  43  40  44  53  73  84  96  96 104 109 113 120 122 112  77
  34  45  49  55  62  73  82  85  94 103 114 111 116 117 112  80
  32  33  41  52  55  65  66  67  87 101 106 110 113 119 109  76
  33  37  32  35  45  50  56  58  65  83  86  99  94  98  93  71
  34  43  46  45  48  51  48  43  49  68  72  75  80  77  77  65
  77 101  95 106 122 136 154 165 172 174 181 184 191 194 192 175
 116 133 109  99 124 168 192 202 207 213 214 214 221 224 224 198
 124 145  90  74  99 172 200 208 214 222 222 223 224 224 225 200
 123 141 115 117 142 182 206 210 214 220 222 224 226 229 226 208
 120 133 125 141 157 187 208 212 216 219 224 224 226 235 231 212
 128 142 116 117 129 183 208 209 219 224 224 224 229 233 227 210
 133 156 101  81 120 182 210 209 213 223 224 225 233 234 228 211
 127 152 117  95 133 189 209 215 219 224 224 226 230 237 226 208
 136 150 128 119 143 194 212 216 224 224 226 225 227 235 229 210
 130 137 130 137 165 205 212 219 222 224 224 224 229 237 235 213
 130 130 138 152 177 207 224 218 224 224 224 227 232 235 234 212
 130 150 150 157 177 208 222 221 224 224 224 228 232 237 236 211
 123 148 168 177 192 211 219 221 224 224 225 234 237 239 238 215
 121 127 148 158 175 198 199 206 216 223 227 232 235 236 232 204
 124 133 129 133 151 168 175 178 195 211 223 222 226 228 226 197
 104 134 137 139 145 151 145 137 150 179 185 190 188 188 187 156
 188 214 214 226 235 236 238 240 240 240 240 240 240 240 240 238
 222 238 205 197 227 240 240 240 240 240 240 240 240 240 240 240
 225 240 195 163 197 240 240 240 240 240 240 240 240 240 240 240
 225 237 216 223 240 240 240 240 240 240 240 240 240 240 240 240
 224 237 234 240 240 240 240 240 240 240 240 240 240 240 240 240
 222 238 215 212 229 240 240 240 240 240 240 240 240 240 240 240
 226 240 205 163 214 240 240 240 240 240 240 240 240 240 240 240
 225 240 222 191 225 240 240 240 240 240 240 240 240 240 240 240
 232 240 235 224 236 240 240 240 240 240 240 240 240 240 240 240
 232 240 240 240 240 240 240 240 240 240 240 240 240 240 240 240
 234 239 240 240 240 240 240 240 240 240 240 240 240 240 240 240
 234 240 240 240 240 240 240 240 240 240 240 240 240 240 240 240
 234 240 240 240 240 240 240 240 240 240 240 240 240 240 240 240
 232 235 240 240 240 240 240 240 240 240 240 240 240 240 240 240
 231 238 239 240 240 240 240 240 240 240 240 240 240 240 240 240
 214 239 240 240 240 240 236 235 238 240 240 240 240 240 240 239

  64  63  75  77  82  75  78  71  80  86  91  77  80  76  71  65
  59  96 108 111 112 103 115 108 107 110 112 112 112 109  93  77
  68  89 116 109 111 113 122 112 112 113 124 122 117 119  98  77
  58  95 109 105 103 111 113 112 112 112 114 120 116 113  94  80
  54  96  94 113 118 110 109 112 103 112 112 113 111 110  99  75
  60  92  95 109 112 111 102  97 106 108 112 109 114 106  86  72
  57  79  90 108 110 107 102 103 103 102 104 104 103 101  83  68
  56  75  95  96 100  96 100  98 103 100  96  96  94  87  65  49
  52  71  91  92  96  92  94  95  96  96  96  96  85  67  58  43
  43  62  68  79  81  71  83  82  79  94  88  84  82  66  56  48
  35  52  54  54  58  58  56  62  62  69  73  73  73  65  50  51
  28  29  17  38  48  31  18  28  31  45  52  53  62  55  45  48
  21  20   9  24  45  29  12  13  27  36  44  44  55  52  35  45
  15  24  12  23  31  27  17  26  31  34  34  40  49  41  32  46
  19  37  46  40  34  37  48  48  48  35  34  43  45  33  37  43
   8  29  33  36  34  39  35  35  38  34  38  35  34  32  33  34
 175 198 200 208 212 210 211 208 210 213 212 211 215 204 197 156
 192 224 225 226 231 227 228 226 229 235 234 236 238 232 226 187
 194 224 224 229 235 233 234 237 235 237 235 237 239 236 228 188
 191 221 224 226 226 229 233 230 227 229 232 232 237 235 226 188
 184 214 223 224 224 224 225 226 225 224 227 228 234 232 222 190
 181 214 222 222 224 224 224 224 226 224 224 224 225 227 223 185
 174 213 222 220 219 224 223 224 224 224 224 224 224 223 211 179
 172 207 214 214 216 219 213 219 224 222 224 224 224 216 195 150
 165 202 208 210 212 209 209 215 216 219 218 221 221 206 178 137
 154 192 200 206 208 208 210 209 212 212 224 222 219 199 175 145
 136 168 172 182 187 183 182 189 194 205 207 208 211 198 168 151
 122 124  99 142 157 129 120 133 143 165 177 177 192 175 151 145
 106  99  74 117 141 117  81  95 119 137 152 157 177 158 133 139
  95 109  90 115 125 116 101 117 128 130 138 150 168 148 129 137
 101 133 145 141 133 142 156 152 150 137 130 150 148 127 133 134
  77 116 124 123 120 128 133 127 136 130 130 130 123 121 124 104
 238 240 240 240 240 240 240 240 240 240 240 240 240 240 240 239
 240 240 240 240 240 240 240 240 240 240 240 240 240 240 240 240
 240 240 240 240 240 240 240 240 240 240 240 240 240 240 240 240
 240 240 240 240 240 240 240 240 240 240 240 240 240 240 240 240
 240 240 240 240 240 240 240 240 240 240 240 240 240 240 240 240
 240 240 240 240 240 240 240 240 240 240 240 240 240 240 240 240
 240 240 240 240 240 240 240 240 240 240 240 240 240 240 240 240
 240 240 240 240 240 240 240 240 240 240 240 240 240 240 240 238
 240 240 240 240 240 240 240 240 240 240 240 240 240 240 240 235
 238 240 240 240 240 240 240 240 240 240 240 240 240 240 240 236
 236 240 240 240 240 240 240 240 240 240 240 240 240 240 240 240
 235 227 197 240 240 229 214 225 236 240 240 240 240 240 240 240
 226 197 163 223 240 212 163 191 224 240 240 240 240 240 240 240
 214 205 195 216 234 215 205 222 235 240 240 240 240 240 239 240
 214 238 240 237 237 238 240 240 240 240 239 240 240 235 238 239
 188 222 225 225 224 222 226 225 232 232 234 234 234 232 231 214

  65  77  77  80  75  72  68  49  43  48  51  48  45  46  43  34
  71  93  98  94  99  86  83  65  58  56  50  45  35  32  37  33
  76 109 119 113 110 106 101  87  67  66  65  55  52  41  33  32
  80 112 117 116 111 114 103  94  85  82  73  62  55  49  45  34
  77 112 122 120 113 109 104  96  96  84  73  53  44  40  43  35
  91 112 124 114 112 112 104  96  96  88  73  52  44  34  34  38
  86 110 113 112 112 108 102 100  96  94  69  45  36  34  35  34
  80 107 112 112 103 106 103 103  96  79  62  31  27  31  48  38
  71 108 112 112 112  97 103  98  95  82  62  28  13  26  48  35
  78 115 122 113 109 102 102 100  94  83  56  18  12  17  48  35
  75 103 113 111 110 111 107  96  92  71  58  31  29  27  37  39
  82 112 111 103 118 112 110 100  96  81  58  48  45  31  34  34
  77 111 109 105 113 109 108  96  92  79  54  38  24  23  40  36
  75 108 116 109  94  95  90  95  91  68  54  17   9  12  46  33
  63  96  89  95  96  92  79  75  71  62  52  29  20  24  37  29
  64  59  68  58  54  60  57  56  52  43  35  28  21  15  19   8
 156 187 188 188 190 185 179 150 137 145 151 145 139 137 134 104
 197 226 228 226 222 223 211 195 178 175 168 151 133 129 133 124
 204 232 236 235 232 227 223 216 206 199 198 175 158 148 127 121
 215 238 239 237 234 225 224 224 221 219 211 192 177 168 148 123
 211 236 237 232 228 224 224 224 221 222 208 177 157 150 150 130
 212 234 235 232 227 224 224 224 218 224 207 177 152 138 130 130
 213 235 237 229 224 224 224 222 219 212 205 165 137 130 137 130
 210 229 235 227 225 226 224 224 216 212 194 143 119 128 150 136
 208 226 237 230 226 224 224 219 215 209 189 133  95 117 152 127
 211 228 234 233 225 224 223 213 209 210 182 120  81 101 156 133
 210 227 233 229 224 224 224 219 209 208 183 129 117 116 142 128
 212 231 235 226 224 224 219 216 212 208 187 157 141 125 133 120
 208 226 229 226 224 222 220 214 210 206 182 142 117 115 141 123
 200 225 224 224 223 222 222 214 208 200 172  99  74  90 145 124
 198 224 224 221 214 214 213 207 202 192 168 124  99 109 133 116
 175 192 194 191 184 181 174 172 165 154 136 122 106  95 101  77
 239 240 240 240 240 240 240 238 235 236 240 240 240 240 239 214
 240 240 240 240 240 240 240 240 240 240 240 240 240 239 238 231
 240 240 240 240 240 240 240 240 240 240 240 240 240 240 235 232
 240 240 240 240 240 240 240 240 240 240 240 240 240 240 240 234
 240 240 240 240 240 240 240 240 240 240 240 240 240 240 240 234
 240 240 240 240 240 240 240 240 240 240 240 240 240 240 239 234
 240 240 240 240 240 240 240 240 240 240 240 240 240 240 240 232
 240 240 240 240 240 240 240 240 240 240 240 236 224 235 240 232
 240 240 240 240 240 240 240 240 240 240 240 225 191 222 240 225
 240 240 240 240 240 240 240 240 240 240 240 214 163 205 240 226
 240 240 240 240 240 240 240 240 240 240 240 229 212 215 238 222
 240 240 240 240 240 240 240 240 240 240 240 240 240 234 237 224
 240 240 240 240 240 240 240 240 240 240 240 240 223 216 237 225
 240 240 240 240 240 240 240 240 240 240 240 197 163 195 240 225
 240 240 240 240 240 240 240 240 240 240 240 227 197 205 238 222
 238 240 240 240 240 240 240 240 240 238 236 235 226 214 214 188

  34  33  32  34  35  38  34  38  35  35  39  34  36  33  29   8
  43  37  33  45  43  34  35  48  48  48  37  34  40  46  37  19
  46  32  41  49  40  34  34  31  26  17  27  31  23  12  24  15
  45  35  52  55  44  44  36  27  13  12  29  45  24   9  20  21
  48  45  55  62  53  52  45  31  28  18  31  48  38  17  29  28
  51  50  65  73  73  73  69  62  62  56  58  58  54  54  52  35
  48  56  66  82  84  88  94  79  82  83  71  81  79  68  62  43
  43  58  67  85  96  96  96  96  95  94  92  96  92  91  71  52
  49  65  87  94  96  96 100 103  98 100  96 100  96  95  75  56
  68  83 101 103 104 104 102 103 103 102 107 110 108  90  79  57
  72  86 106 114 109 112 108 106  97 102 111 112 109  95  92  60
  75  99 110 111 113 112 112 103 112 109 110 118 113  94  96  54
  80  94 113 116 120 114 112 112 112 113 111 103 105 109  95  58
  77  98 119 117 122 124 113 112 112 122 113 111 109 116  89  68
  77  93 109 112 112 112 110 107 108 115 103 112 111 108  96  59
  65  71  76  80  77  91  86  80  71  78  75  82  77  75  63  64
 104 124 121 123 130 130 130 136 127 133 128 120 123 124 116  77
 134 133 127 148 150 130 137 150 152 156 142 133 141 145 133 101
 137 129 148 168 150 138 130 128 117 101 116 125 115  90 109  95
 139 133 158 177 157 152 137 119  95  81 117 141 117  74  99 106
 145 151 175 192 177 177 165 143 133 120 129 157 142  99 124 122
 151 168 198 211 208 207 205 194 189 182 183 187 182 172 168 136
 145 175 199 219 222 224 212 212 209 210 208 208 206 200 192 154
 137 178 206 221 221 218 219 216 215 209 209 212 210 208 202 165
 150 195 216 224 224 224 222 224 219 213 219 216 214 214 207 172
 179 211 223 224 224 224 224 224 224 223 224 219 220 222 213 174
 185 223 227 225 224 224 224 226 224 224 224 224 222 222 214 181
 190 222 232 234 228 227 224 225 226 225 224 224 224 223 214 184
 188 226 235 237 232 232 229 227 230 233 229 226 226 224 221 191
 188 228 236 239 237 235 237 235 237 234 233 235 229 224 224 194
 187 226 232 238 236 234 235 229 226 228 227 231 226 225 224 192
 156 197 204 215 211 212 213 210 208 211 210 212 208 200 198 175
 214 231 232 234 234 234 232 232 225 226 222 224 225 225 222 188
 239 238 235 240 240 239 240 240 240 240 238 237 237 240 238 214
 240 239 240 240 240 240 240 235 222 205 215 234 216 195 205 214
 240 240 240 240 240 240 240 224 191 163 212 240 223 163 197 226
 240 240 240 240 240 240 240 236 225 214 229 240 240 197 227 235
 240 240 240 240 240 240 240 240 240 240 240 240 240 240 240 236
 236 240 240 240 240 240 240 240 240 240 240 240 240 240 240 238
 235 240 240 240 240 240 240 240 240 240 240 240 240 240 240 240
 238 240 240 240 240 240 240 240 240 240 240 240 240 240 240 240
 240 240 240 240 240 240 240 240 240 240 240 240 240 240 240 240
 240 240 240 240 240 240 240 240 240 240 240 240 240 240 240 240
 240 240 240 240 240 240 240 240 240 240 240 240 240 240 240 240
 240 240 240 240 240 240 240 240 240 240 240 240 240 240 240 240
 240 240 240 240 240 240 240 240 240 240 240 240 240 240 240 240
 240 240 240 240 240 240 240 240 240 240 240 240 240 240 240 240
 239 240 240 240 240 240 240 240 240 240 240 240 240 240 240 238

