 129 108 103 124 144 144 139 125 115 114 109 120 126 116 106 112
 107  76  44  42  48  50  46  36  30  38  34  24  18  15  13 117
  16  18  22  30  32  30  21   3   2  14  16  16  16  12   9 117
  24  32  28  22  25  22  10   0   0  16  16  16  16  17  20  87
  32  32  29  21  18  20  11   0   0  13  20  17  16  18  18 110
  35  53  62  60  83  45  18   0   3  34  65  58  61  48  52 129
 108 115 124 140 108  24  21   0   3  29  60 142 128 124 129 134
 140 120 128 144  33  32  16   0   0  30  20 116 115 117 123 126
 146 114 127  78  28  32   6   4   0  11  37  64 126 122 117 132
 138 121 145  20  32  28   0  18  11   4  24  33  99 124 114 132
 136 134 101  24  23  11   8  23  22   6   5  24  35 121 111 130
 135 139  34  25   4   3  21  31  32  21   0   8  33  83 109 135
 144  85  16  14   0  12  28  32  32  30  13   3  17  13 104 132
 150  21  11   0  17  26  38  42  37  32  34  20   3   5  21 139
 133   1   9  18  33  39  48  54  48  36  49  51  20   0   5 150
 141  45  56  76  80  84  87 103  99  91  97 101  88  45  69 135
 142 124 124 132 144 142 132 124 124 120 116 118 134 128 119 127
 120  82  58  46  48  48  45  44  42  39  33  20  20  18  21 135
  24  18  16  22  25  26  21  10  15  16  16  16  16  16  14 122
  17  16  16  16  16  16  14   7  15  16  16  16  16  16  19  89
  26  16  15  17  15  17  16  12  16  17  17  12  12  16  12 114
  33  39  56  60  80  34  14   8  19  30  70  62  60  56  60 135
 116 119 129 142  99  14  17  10  19  33  63 150 134 128 130 143
 154 128 128 144  25  22  19   6  16  34  24 124 130 127 126 132
 162 126 129  76  24  28  15  15  14  24  35  62 137 127 128 136
 153 130 138  18  31  28   6  19  12  15  29  32 102 138 128 136
 148 129  91  24  30  19  14  19  15  13  20  34  35 138 130 134
 148 128  26  27  19  17  25  27  16  15   8  27  33  90 131 139
 154  89  17  20  16  16  32  21  16  16  12  15  28  24 120 140
 153  22  10  10  20  28  26  20  21  24  18   8  12  21  31 150
 135   8  13  22  32  32  32  32  34  37  36  33  14   9   8 157
 157  62  72  94 112 104 105 124 124 107 104 101  94  69  85 150
 138 116 112 118 128 128 116 104 106 106 107 110 122 106 104 123
  98  68  42  30  32  31  25  24  24  22  17   0   0   0   9 140
   4   1   0   0   0   0   0   0   0   0   0   0   0   0   0 122
   0   0   0   0   0   0   0   0   0   0   0   0   0   0   4  84
   2   0   0   1   2   1   0   0   0   0   2   0   0   0   0 122
  25  36  50  62  84  24   0   0   0   4  59  83  66  44  52 160
 135 153 170 179 123   2   1   0   0   5  58 178 176 168 168 183
 186 181 180 182  27   5   1   0   0   2   4 142 178 178 174 186
 196 180 186  84   9  11   0   0   0   2   6  59 179 185 176 188
 193 180 179  13  12  12   0   0   0   0   2  16 117 180 176 194
 191 184 117   0   4   0   0   0   0   0   4   2  25 168 186 197
 188 177  25   3   0   0   0   0   0   0   0   0   6  90 187 200
 195 113   2   2   0   0   0   0   0   0   0   0   0   6 150 188
 191  25   3   0   0   0   0   0   0   0   0   0   0   5  29 190
 159   1   0   3  10  12  12  15  17  12  15  17   3   0   9 199
 167  57  55  80  96  91  92 108  95  89  88  85  82  51  83 175

 112 117 117  87 110 129 134 126 132 132 130 135 132 139 150 135
 106  13   9  20  18  52 129 123 117 114 111 109 104  21   5  69
 116  15  12  17  18  48 124 117 122 124 121  83  13   5   0  45
 126  18  16  16  16  61 128 115 126  99  35  33  17   3  20  88
 120  24  16  16  17  58 142 116  64  33  24   8   3  20  51 101
 109  34  16  16  20  65  60  20  37  24   5   0  13  34  49  97
 114  38  14  16  13  34  29  30  11   4   6  21  30  32  36  91
 115  30   2   0   0   3   3   0   0  11  22  32  32  37  48  99
 125  36   3   0   0   0   0   0   4  18  23  31  32  42  54 103
 139  46  21  10  11  18  21  16   6   0   8  21  28  38  48  87
 144  50  30  22  20  45  24  32  32  28  11   3  12  26  39  84
 144  48  32  25  18  83 108  33  28  32  23   4   0  17  33  80
 124  42  30  22  21  60 140 144  78  20  24  25  14   0  18  76
 103  44  22  28  29  62 124 128 127 145 101  34  16  11   9  56
 108  76  18  32  32  53 115 120 114 121 134 139  85  21   1  45
 129 107  16  24  32  35 108 140 146 138 136 135 144 150 133 141
 127 135 122  89 114 135 143 132 136 136 134 139 140 150 157 150
 119  21  14  19  12  60 130 126 128 128 130 131 120  31   8  85
 128  18  16  16  16  56 128 127 127 138 138  90  24  21   9  69
 134  20  16  16  12  60 134 130 137 102  35  33  28  12  14  94
 118  20  16  16  12  62 150 124  62  32  34  27  15   8  33 101
 116  33  16  16  17  70  63  24  35  29  20   8  12  18  36 104
 120  39  16  16  17  30  33  34  24  15  13  15  16  24  37 107
 124  42  15  15  16  19  19  16  14  12  15  16  16  21  34 124
 124  44  10   7  12   8  10   6  15  19  19  27  21  20  32 124
 132  45  21  14  16  14  17  19  15   6  14  25  32  26  32 105
 142  48  26  16  17  34  14  22  28  28  19  17  16  28  32 104
 144  48  25  16  15  80  99  25  24  31  30  19  16  20  32 112
 132  46  22  16  17  60 142 144  76  18  24  27  20  10  22  94
 124  58  16  16  15  56 129 128 129 138  91  26  17  10  13  72
 124  82  18  16  16  39 119 128 126 130 129 128  89  22   8  62
 142 120  24  17  26  33 116 154 162 153 148 148 154 153 135 157
 123 140 122  84 122 160 183 186 188 194 197 200 188 190 199 175
 104   9   0   4   0  52 168 174 176 176 186 187 150  29   9  83
 106   0   0   0   0  44 168 178 185 180 168  90   6   5   0  51
 122   0   0   0   0  66 176 178 179 117  25   6   0   0   3  82
 110   0   0   0   0  83 178 142  59  16   2   0   0   0  17  85
 107  17   0   0   2  59  58   4   6   2   4   0   0   0  15  88
 106  22   0   0   0   4   5   2   2   0   0   0   0   0  12  89
 106  24   0   0   0   0   0   0   0   0   0   0   0   0  17  95
 104  24   0   0   0   0   0   0   0   0   0   0   0   0  15 108
 116  25   0   0   0   0   1   1   0   0   0   0   0   0  12  92
 128  31   0   0   1  24   2   5  11  12   0   0   0   0  12  91
 128  32   0   0   2  84 123  27   9  12   4   0   0   0  10  96
 118  30   0   0   1  62 179 182  84  13   0   3   2   0   3  80
 112  42   0   0   0  50 170 180 186 179 117  25   2   3   0  55
 116  68   1   0   0  36 153 181 180 180 184 177 113  25   1  57
 138  98   4   0   2  25 135 186 196 193 191 188 195 191 159 167

 135  69  45  88 101  97  91  99 103  87  84  80  76  56  45 141
 150   5   0  20  51  49  36  48  54  48  39  33  18   9   1 133
 139  21   5   3  20  34  32  37  42  38  26  17   0  11  21 150
 132 104  13  17   3  13  30  32  32  28  12   0  14  16  85 144
 135 109  83  33   8   0  21  32  31  21   3   4  25  34 139 135
 130 111 121  35  24   5   6  22  23   8  11  23  24 101 134 136
 132 114 124  99  33  24   4  11  18   0  28  32  20 145 121 138
 132 117 122 126  64  37  11   0   4   6  32  28  78 127 114 146
 126 123 117 115 116  20  30   0   0  16  32  33 144 128 120 140
 134 129 124 128 142  60  29   3   0  21  24 108 140 124 115 108
 129  52  48  61  58  65  34   3   0  18  45  83  60  62  53  35
 110  18  18  16  17  20  13   0   0  11  20  18  21  29  32  32
  87  20  17  16  16  16  16   0   0  10  22  25  22  28  32  24
 117   9  12  16  16  16  14   2   3  21  30  32  30  22  18  16
 117  13  15  18  24  34  38  30  36  46  50  48  42  44  76 107
 112 106 116 126 120 109 114 115 125 139 144 144 124 103 108 129
 150  85  69  94 101 104 107 124 124 105 104 112  94  72  62 157
 157   8   9  14  33  36  37  34  32  32  32  32  22  13   8 135
 150  31  21  12   8  18  24  21  20  26  28  20  10  10  22 153
 140 120  24  28  15  12  16  16  21  32  16  16  20  17  89 154
 139 131  90  33  27   8  15  16  27  25  17  19  27  26 128 148
 134 130 138  35  34  20  13  15  19  14  19  30  24  91 129 148
 136 128 138 102  32  29  15  12  19   6  28  31  18 138 130 153
 136 128 127 137  62  35  24  14  15  15  28  24  76 129 126 162
 132 126 127 130 124  24  34  16   6  19  22  25 144 128 128 154
 143 130 128 134 150  63  33  19  10  17  14  99 142 129 119 116
 135  60  56  60  62  70  30  19   8  14  34  80  60  56  39  33
 114  12  16  12  12  17  17  16  12  16  17  15  17  15  16  26
  89  19  16  16  16  16  16  15   7  14  16  16  16  16  16  17
 122  14  16  16  16  16  16  15  10  21  26  25  22  16  18  24
 135  21  18  20  20  33  39  42  44  45  48  48  46  58  82 120
 127 119 128 134 118 116 120 124 124 132 142 144 132 124 124 142
 175  83  51  82  85  88  89  95 108  92  91  96  80  55  57 167
 199   9   0   3  17  15  12  17  15  12  12  10   3   0   1 159
 190  29   5   0   0   0   0   0   0   0   0   0   0   3  25 191
 188 150   6   0   0   0   0   0   0   0   0   0   2   2 113 195
 200 187  90   6   0   0   0   0   0   0   0   0   3  25 177 188
 197 186 168  25   2   4   0   0   0   0   0   4   0 117 184 191
 194 176 180 117  16   2   0   0   0   0  12  12  13 179 180 193
 188 176 185 179  59   6   2   0   0   0  11   9  84 186 180 196
 186 174 178 178 142   4   2   0   0   1   5  27 182 180 181 186
 183 168 168 176 178  58   5   0   0   1   2 123 179 170 153 135
 160  52  44  66  83  59   4   0   0   0  24  84  62  50  36  25
 122   0   0   0   0   2   0   0   0   0   1   2   1   0   0   2
  84   4   0   0   0   0   0   0   0   0   0   0   0   0   0   0
 122   0   0   0   0   0   0   0   0   0   0   0   0   0   1   4
 140   9   0   0   0  17  22  24  24  25  31  32  30  42  68  98
 123 104 106 122 110 107 106 106 104 116 128 128 118 112 116 138

 141 133 150 144 135 136 138 146 140 108  35  32  24  16 107 129
  45   1  21  85 139 134 121 114 120 115  53  32  32  18  76 108
  56   9  11  16  34 101 145 127 128 124  62  29  28  22  44 103
  76  18   0  14  25  24  20  78 144 140  60  21  22  30  42 124
  80  33  17   0   4  23  32  28  33 108  83  18  25  32  48 144
  84  39  26  12   3  11  28  32  32  24  45  20  22  30  50 144
  87  48  38  28  21   8   0   6  16  21  18  11  10  21  46 139
 103  54  42  32  31  23  18   4   0   0   0   0   0   3  36 125
  99  48  37  32  32  22  11   0   0   3   3   0   0   2  30 115
  91  36  32  30  21   6   4  11  30  29  34  13  16  14  38 114
  97  49  34  13   0   5  24  37  20  60  65  20  16  16  34 109
 101  51  20   3   8  24  33  64 116 142  58  17  16  16  24 120
  88  20   3  17  33  35  99 126 115 128  61  16  16  16  18 126
  45   0   5  13  83 121 124 122 117 124  48  18  17  12  15 116
  69   5  21 104 109 111 114 117 123 129  52  18  20   9  13 106
 135 150 139 132 135 130 132 132 126 134 129 110  87 117 117 112
 157 135 153 154 148 148 153 162 154 116  33  26  17  24 120 142
  62   8  22  89 128 129 130 126 128 119  39  16  16  18  82 124
  72  13  10  17  26  91 138 129 128 129  56  15  16  16  58 124
  94  22  10  20  27  24  18  76 144 142  60  17  16  22  46 132
 112  32  20  16  19  30  31  24  25  99  80  15  16  25  48 144
 104  32  28  16  17  19  28  28  22  14  34  17  16  26  48 142
 105  32  26  32  25  14   6  15  19  17  14  16  14  21  45 132
 124  32  20  21  27  19  19  15   6  10   8  12   7  10  44 124
 124  34  21  16  16  15  12  14  16  19  19  16  15  15  42 124
 107  37  24  16  15  13  15  24  34  33  30  17  16  16  39 120
 104  36  18  12   8  20  29  35  24  63  70  17  16  16  33 116
 101  33   8  15  27  34  32  62 124 150  62  12  16  16  20 118
  94  14  12  28  33  35 102 137 130 134  60  12  16  16  20 134
  69   9  21  24  90 138 138 127 127 128  56  16  16  16  18 128
  85   8  31 120 131 130 128 128 126 130  60  12  19  14  21 119
 150 157 150 140 139 134 136 136 132 143 135 114  89 122 135 127
 167 159 191 195 188 191 193 196 186 135  25   2   0   4  98 138
  57   1  25 113 177 184 180 180 181 153  36   0   0   1  68 116
  55   0   3   2  25 117 179 186 180 170  50   0   0   0  42 112
  80   3   0   2   3   0  13  84 182 179  62   1   0   0  30 118
  96  10   0   0   0   4  12   9  27 123  84   2   0   0  32 128
  91  12   0   0   0   0  12  11   5   2  24   1   0   0  31 128
  92  12   0   0   0   0   0   0   1   1   0   0   0   0  25 116
 108  15   0   0   0   0   0   0   0   0   0   0   0   0  24 104
  95  17   0   0   0   0   0   0   0   0   0   0   0   0  24 106
  89  12   0   0   0   0   0   2   2   5   4   0   0   0  22 106
  88  15   0   0   0   4   2   6   4  58  59   2   0   0  17 107
  85  17   0   0   0   2  16  59 142 178  83   0   0   0   0 110
  82   3   0   0   6  25 117 179 178 176  66   0   0   0   0 122
  51   0   5   6  90 168 180 185 178 168  44   0   0   0   0 106
  83   9  29 150 187 186 176 176 174 168  52   0   4   0   9 104
 175 199 190 188 200 197 194 188 186 183 160 122  84 122 140 123

